


./modeling/saved_models/dpn_pc.torch
TruePos	TrueNeg	FalsePos	FalseNeg	Recall	TrueNegRt	FalsePosRt	FalseNegRt	Precision
Spartina	282	2641	76	87	0.764228	0.972028	0.027972	0.235772	0.787709	
Juncus	55	3007	9	15	0.785714	0.997016	0.002984	0.214286	0.859375	
Salicornia	293	2630	100	63	0.823034	0.963370	0.036630	0.176966	0.745547	
Batis	242	2746	49	49	0.831615	0.982469	0.017531	0.168385	0.831615	
Borrichia	54	2999	24	9	0.857143	0.992061	0.007939	0.142857	0.692308	
Limonium	9	3061	6	10	0.473684	0.998044	0.001956	0.526316	0.600000	
Soil	1558	1215	140	173	0.900058	0.896679	0.103321	0.099942	0.917550	
other	78	2887	68	53	0.595420	0.976988	0.023012	0.404580	0.534247	
Unknown	31	3018	12	25	0.553571	0.996040	0.003960	0.446429	0.720930	
precision=0.8431626701231367
recall=0.8431626701231367
f-1 score=0.8431626701231367
total_recall0.731607429974971total_precision0.7432534722637865________________________________________________
./modeling/saved_models/densenet_pc.torch
TruePos	TrueNeg	FalsePos	FalseNeg	Recall	TrueNegRt	FalsePosRt	FalseNegRt	Precision
Spartina	305	2613	104	64	0.826558	0.961722	0.038278	0.173442	0.745721	
Juncus	58	3004	12	12	0.828571	0.996021	0.003979	0.171429	0.828571	
Salicornia	301	2630	100	55	0.845506	0.963370	0.036630	0.154494	0.750623	
Batis	250	2747	48	41	0.859107	0.982826	0.017174	0.140893	0.838926	
Borrichia	58	2983	40	5	0.920635	0.986768	0.013232	0.079365	0.591837	
Limonium	2	3065	2	17	0.105263	0.999348	0.000652	0.894737	0.500000	
Soil	1553	1262	93	178	0.897169	0.931365	0.068635	0.102831	0.943499	
other	75	2882	73	56	0.572519	0.975296	0.024704	0.427481	0.506757	
Unknown	9	3027	3	47	0.160714	0.999010	0.000990	0.839286	0.750000	
precision=0.8460790667530784
recall=0.8460790667530784
f-1 score=0.8460790667530784
total_recall0.6684491728749655total_precision0.7173261333083827________________________________________________
./modeling/saved_models/resnext_pc.torch
TruePos	TrueNeg	FalsePos	FalseNeg	Recall	TrueNegRt	FalsePosRt	FalseNegRt	Precision
Spartina	305	2611	106	64	0.826558	0.960986	0.039014	0.173442	0.742092	
Juncus	58	2997	19	12	0.828571	0.993700	0.006300	0.171429	0.753247	
Salicornia	302	2632	98	54	0.848315	0.964103	0.035897	0.151685	0.755000	
Batis	255	2743	52	36	0.876289	0.981395	0.018605	0.123711	0.830619	
Borrichia	55	3006	17	8	0.873016	0.994376	0.005624	0.126984	0.763889	
Limonium	7	3065	2	12	0.368421	0.999348	0.000652	0.631579	0.777778	
Soil	1559	1259	96	172	0.900635	0.929151	0.070849	0.099365	0.941994	
other	76	2921	34	55	0.580153	0.988494	0.011506	0.419847	0.690909	
Unknown	29	3014	16	27	0.517857	0.994719	0.005281	0.482143	0.644444	
precision=0.8574206092028516
recall=0.8574206092028516
f-1 score=0.8574206092028515
total_recall0.7355350190862116total_precision0.7666635847666613________________________________________________
./modeling/saved_models/resnet_pc.torch
TruePos	TrueNeg	FalsePos	FalseNeg	Recall	TrueNegRt	FalsePosRt	FalseNegRt	Precision
Spartina	312	2597	120	57	0.845528	0.955834	0.044166	0.154472	0.722222	
Juncus	53	3006	10	17	0.757143	0.996684	0.003316	0.242857	0.841270	
Salicornia	313	2564	166	43	0.879213	0.939194	0.060806	0.120787	0.653445	
Batis	229	2769	26	62	0.786942	0.990698	0.009302	0.213058	0.898039	
Borrichia	58	2991	32	5	0.920635	0.989414	0.010586	0.079365	0.644444	
Limonium	6	3061	6	13	0.315789	0.998044	0.001956	0.684211	0.500000	
Soil	1511	1250	105	220	0.872906	0.922509	0.077491	0.127094	0.935025	
other	69	2910	45	62	0.526718	0.984772	0.015228	0.473282	0.605263	
Unknown	22	3027	3	34	0.392857	0.999010	0.000990	0.607143	0.880000	
precision=0.8337653920933247
recall=0.8337653920933247
f-1 score=0.8337653920933247
total_recall0.699747922837251total_precision0.7421898122668836________________________________________________
./modeling/saved_models/inception_pc.torch
TruePos	TrueNeg	FalsePos	FalseNeg	Recall	TrueNegRt	FalsePosRt	FalseNegRt	Precision
Spartina	236	2685	32	133	0.639566	0.988222	0.011778	0.360434	0.880597	
Juncus	62	2946	70	8	0.885714	0.976790	0.023210	0.114286	0.469697	
Salicornia	287	2650	80	69	0.806180	0.970696	0.029304	0.193820	0.782016	
Batis	260	2735	60	31	0.893471	0.978533	0.021467	0.106529	0.812500	
Borrichia	58	2993	30	5	0.920635	0.990076	0.009924	0.079365	0.659091	
Limonium	2	3067	0	17	0.105263	1.000000	0.000000	0.894737	1.000000	
Soil	1560	1254	101	171	0.901213	0.925461	0.074539	0.098787	0.939193	
other	96	2816	139	35	0.732824	0.952961	0.047039	0.267176	0.408511	
Unknown	9	3026	4	47	0.160714	0.998680	0.001320	0.839286	0.692308	
precision=0.8327932598833442
recall=0.8327932598833442
f-1 score=0.8327932598833442
total_recall0.6717312455932368total_precision0.73821253668519________________________________________________
./modeling/saved_models/pyramid_pc.torch
TruePos	TrueNeg	FalsePos	FalseNeg	Recall	TrueNegRt	FalsePosRt	FalseNegRt	Precision
Spartina	259	2653	64	110	0.701897	0.976445	0.023555	0.298103	0.801858	
Juncus	59	2988	28	11	0.842857	0.990716	0.009284	0.157143	0.678161	
Salicornia	291	2658	72	65	0.817416	0.973626	0.026374	0.182584	0.801653	
Batis	257	2747	48	34	0.883162	0.982826	0.017174	0.116838	0.842623	
Borrichia	59	2999	24	4	0.936508	0.992061	0.007939	0.063492	0.710843	
Limonium	8	3065	2	11	0.421053	0.999348	0.000652	0.578947	0.800000	
Soil	1559	1221	134	172	0.900635	0.901107	0.098893	0.099365	0.920851	
other	82	2856	99	49	0.625954	0.966497	0.033503	0.374046	0.453039	
Unknown	31	3020	10	25	0.553571	0.996700	0.003300	0.446429	0.756098	
precision=0.8441348023331173
recall=0.8441348023331173
f-1 score=0.8441348023331173
total_recall0.7425614522388455total_precision0.7516805019664468________________________________________________
./modeling/saved_models/dpn_pa.torch
TruePos	TrueNeg	FalsePos	FalseNeg	Recall	TrueNegRt	FalsePosRt	FalseNegRt	Precision
Salicornia	861	3200	94	117	0.880368	0.971463	0.028537	0.119632	0.901571	
Spartina	2921	1225	72	54	0.981849	0.944487	0.055513	0.018151	0.975944	
Limonium	203	3873	135	61	0.768939	0.966317	0.033683	0.231061	0.600592	
Borrichia	177	4013	40	42	0.808219	0.990131	0.009869	0.191781	0.815668	
Batis	636	3505	67	64	0.908571	0.981243	0.018757	0.091429	0.904694	
Juncus	168	4007	53	44	0.792453	0.986946	0.013054	0.207547	0.760181	
None	558	3630	6	78	0.877358	0.998350	0.001650	0.122642	0.989362	
precision=0.9220497412785845
recall=0.9231283422459893
f-1 score=0.92258872651357
total_recall0.8596797370004341total_precision0.849715904836021
 accuracy= 0.20034109149277687
 ________________________________________________
./modeling/saved_models/densenet_pa.torch
TruePos	TrueNeg	FalsePos	FalseNeg	Recall	TrueNegRt	FalsePosRt	FalseNegRt	Precision
Salicornia	908	3157	137	70	0.928425	0.958409	0.041591	0.071575	0.868900	
Spartina	2883	1248	49	92	0.969076	0.962221	0.037779	0.030924	0.983288	
Limonium	171	3887	121	93	0.647727	0.969810	0.030190	0.352273	0.585616	
Borrichia	187	4015	38	32	0.853881	0.990624	0.009376	0.146119	0.831111	
Batis	617	3523	49	83	0.881429	0.986282	0.013718	0.118571	0.926426	
Juncus	152	4033	27	60	0.716981	0.993350	0.006650	0.283019	0.849162	
None	568	3618	18	68	0.893082	0.995050	0.004950	0.106918	0.969283	
precision=0.9259071729957806
recall=0.9167780748663101
f-1 score=0.9213200100764128
total_recall0.8415144291288186total_precision0.8591123775951178
 accuracy= 0.19813402889245585
 ________________________________________________
./modeling/saved_models/resnext_pa.torch
TruePos	TrueNeg	FalsePos	FalseNeg	Recall	TrueNegRt	FalsePosRt	FalseNegRt	Precision
Salicornia	893	3184	110	85	0.913088	0.966606	0.033394	0.086912	0.890329	
Spartina	2901	1247	50	74	0.975126	0.961449	0.038551	0.024874	0.983057	
Limonium	168	3940	68	96	0.636364	0.983034	0.016966	0.363636	0.711864	
Borrichia	191	4011	42	28	0.872146	0.989637	0.010363	0.127854	0.819742	
Batis	656	3508	64	44	0.937143	0.982083	0.017917	0.062857	0.911111	
Juncus	161	4021	39	51	0.759434	0.990394	0.009606	0.240566	0.805000	
None	567	3616	20	69	0.891509	0.994499	0.005501	0.108491	0.965928	
precision=0.9337268128161889
recall=0.9253008021390374
f-1 score=0.9294947121034077
total_recall0.8549728562049806total_precision0.8695760086932636
 accuracy= 0.1983012306046014
 ________________________________________________
./modeling/saved_models/resnet_pa.torch
TruePos	TrueNeg	FalsePos	FalseNeg	Recall	TrueNegRt	FalsePosRt	FalseNegRt	Precision
Salicornia	915	3168	126	63	0.935583	0.961749	0.038251	0.064417	0.878963	
Spartina	2881	1252	45	94	0.968403	0.965305	0.034695	0.031597	0.984621	
Limonium	180	3906	102	84	0.681818	0.974551	0.025449	0.318182	0.638298	
Borrichia	186	4008	45	33	0.849315	0.988897	0.011103	0.150685	0.805195	
Batis	650	3505	67	50	0.928571	0.981243	0.018757	0.071429	0.906555	
Juncus	152	4023	37	60	0.716981	0.990887	0.009113	0.283019	0.804233	
None	561	3626	10	75	0.882075	0.997250	0.002750	0.117925	0.982487	
precision=0.9274802753063622
recall=0.9232954545454546
f-1 score=0.9253831337408928
total_recall0.8518210665838247total_precision0.8571929451586913
 accuracy= 0.19920411985018727
 ________________________________________________
./modeling/saved_models/inception_pa.torch
TruePos	TrueNeg	FalsePos	FalseNeg	Recall	TrueNegRt	FalsePosRt	FalseNegRt	Precision
Salicornia	885	3158	136	93	0.904908	0.958713	0.041287	0.095092	0.866797	
Spartina	2897	1238	59	78	0.973782	0.954510	0.045490	0.026218	0.980041	
Limonium	142	3902	106	122	0.537879	0.973553	0.026447	0.462121	0.572581	
Borrichia	190	4015	38	29	0.867580	0.990624	0.009376	0.132420	0.833333	
Batis	615	3500	72	85	0.878571	0.979843	0.020157	0.121429	0.895197	
Juncus	126	4039	21	86	0.594340	0.994828	0.005172	0.405660	0.857143	
None	563	3622	14	73	0.885220	0.996150	0.003850	0.114780	0.975737	
precision=0.9239427012278308
recall=0.9054144385026738
f-1 score=0.9145847400405132
total_recall0.8060399088026934total_precision0.8544039662335747
 accuracy= 0.19609416800428037
 ________________________________________________
./modeling/saved_models/pyramid_pa.torch
TruePos	TrueNeg	FalsePos	FalseNeg	Recall	TrueNegRt	FalsePosRt	FalseNegRt	Precision
Salicornia	896	3171	123	82	0.916155	0.962659	0.037341	0.083845	0.879293	
Spartina	2894	1246	51	81	0.972773	0.960678	0.039322	0.027227	0.982683	
Limonium	157	3917	91	107	0.594697	0.977295	0.022705	0.405303	0.633065	
Borrichia	178	4018	35	41	0.812785	0.991364	0.008636	0.187215	0.835681	
Batis	641	3497	75	59	0.915714	0.979003	0.020997	0.084286	0.895251	
Juncus	146	3984	76	66	0.688679	0.981281	0.018719	0.311321	0.657658	
None	572	3617	19	64	0.899371	0.994774	0.005226	0.100629	0.967851	
precision=0.9210614712798119
recall=0.9164438502673797
f-1 score=0.9187468587703133
total_recall0.8285964980673027total_precision0.8359259084427262
 accuracy= 0.19910379882289994
 ________________________________________________
./modeling/saved_models/dpn_pa.torch
TruePos	TrueNeg	FalsePos	FalseNeg	Recall	TrueNegRt	FalsePosRt	FalseNegRt	Precision
Salicornia	861	3200	94	117	0.880368	0.971463	0.028537	0.119632	0.901571	
Spartina	2921	1225	72	54	0.981849	0.944487	0.055513	0.018151	0.975944	
Limonium	203	3873	135	61	0.768939	0.966317	0.033683	0.231061	0.600592	
Borrichia	177	4013	40	42	0.808219	0.990131	0.009869	0.191781	0.815668	
Batis	636	3505	67	64	0.908571	0.981243	0.018757	0.091429	0.904694	
Juncus	168	4007	53	44	0.792453	0.986946	0.013054	0.207547	0.760181	
None	558	3630	6	78	0.877358	0.998350	0.001650	0.122642	0.989362	
precision=0.9220497412785845
recall=0.9231283422459893
f-1 score=0.92258872651357
total_recall0.8596797370004341total_precision0.849715904836021
 total_f_1score= 5.98268147410058
 ________________________________________________
./modeling/saved_models/densenet_pa.torch
TruePos	TrueNeg	FalsePos	FalseNeg	Recall	TrueNegRt	FalsePosRt	FalseNegRt	Precision
Salicornia	908	3157	137	70	0.928425	0.958409	0.041591	0.071575	0.868900	
Spartina	2883	1248	49	92	0.969076	0.962221	0.037779	0.030924	0.983288	
Limonium	171	3887	121	93	0.647727	0.969810	0.030190	0.352273	0.585616	
Borrichia	187	4015	38	32	0.853881	0.990624	0.009376	0.146119	0.831111	
Batis	617	3523	49	83	0.881429	0.986282	0.013718	0.118571	0.926426	
Juncus	152	4033	27	60	0.716981	0.993350	0.006650	0.283019	0.849162	
None	568	3618	18	68	0.893082	0.995050	0.004950	0.106918	0.969283	
precision=0.9259071729957806
recall=0.9167780748663101
f-1 score=0.9213200100764128
total_recall0.8415144291288186total_precision0.8591123775951178
 total_f_1score= 5.9515564660244795
 ________________________________________________
./modeling/saved_models/resnext_pa.torch
TruePos	TrueNeg	FalsePos	FalseNeg	Recall	TrueNegRt	FalsePosRt	FalseNegRt	Precision
Salicornia	893	3184	110	85	0.913088	0.966606	0.033394	0.086912	0.890329	
Spartina	2901	1247	50	74	0.975126	0.961449	0.038551	0.024874	0.983057	
Limonium	168	3940	68	96	0.636364	0.983034	0.016966	0.363636	0.711864	
Borrichia	191	4011	42	28	0.872146	0.989637	0.010363	0.127854	0.819742	
Batis	656	3508	64	44	0.937143	0.982083	0.017917	0.062857	0.911111	
Juncus	161	4021	39	51	0.759434	0.990394	0.009606	0.240566	0.805000	
None	567	3616	20	69	0.891509	0.994499	0.005501	0.108491	0.965928	
precision=0.9337268128161889
recall=0.9253008021390374
f-1 score=0.9294947121034077
total_recall0.8549728562049806total_precision0.8695760086932636
 total_f_1score= 6.035488228610697
 ________________________________________________
./modeling/saved_models/dpn_pa.torch
TruePos	TrueNeg	FalsePos	FalseNeg	Recall	TrueNegRt	FalsePosRt	FalseNegRt	Precision
Salicornia	861	3200	94	117	0.880368	0.971463	0.028537	0.119632	0.901571	
Spartina	2921	1225	72	54	0.981849	0.944487	0.055513	0.018151	0.975944	
Limonium	203	3873	135	61	0.768939	0.966317	0.033683	0.231061	0.600592	
Borrichia	177	4013	40	42	0.808219	0.990131	0.009869	0.191781	0.815668	
Batis	636	3505	67	64	0.908571	0.981243	0.018757	0.091429	0.904694	
Juncus	168	4007	53	44	0.792453	0.986946	0.013054	0.207547	0.760181	
None	558	3630	6	78	0.877358	0.998350	0.001650	0.122642	0.989362	
precision=0.9220497412785845
recall=0.9231283422459893
f-1 score=0.92258872651357
total_recall0.8596797370004341total_precision0.849715904836021
 total_f_1score= 0.8546687820143685
 ________________________________________________
./modeling/saved_models/densenet_pa.torch
TruePos	TrueNeg	FalsePos	FalseNeg	Recall	TrueNegRt	FalsePosRt	FalseNegRt	Precision
Salicornia	908	3157	137	70	0.928425	0.958409	0.041591	0.071575	0.868900	
Spartina	2883	1248	49	92	0.969076	0.962221	0.037779	0.030924	0.983288	
Limonium	171	3887	121	93	0.647727	0.969810	0.030190	0.352273	0.585616	
Borrichia	187	4015	38	32	0.853881	0.990624	0.009376	0.146119	0.831111	
Batis	617	3523	49	83	0.881429	0.986282	0.013718	0.118571	0.926426	
Juncus	152	4033	27	60	0.716981	0.993350	0.006650	0.283019	0.849162	
None	568	3618	18	68	0.893082	0.995050	0.004950	0.106918	0.969283	
precision=0.9259071729957806
recall=0.9167780748663101
f-1 score=0.9213200100764128
total_recall0.8415144291288186total_precision0.8591123775951178
 total_f_1score= 0.8502223522892113
 ________________________________________________
./modeling/saved_models/resnext_pa.torch
TruePos	TrueNeg	FalsePos	FalseNeg	Recall	TrueNegRt	FalsePosRt	FalseNegRt	Precision
Salicornia	893	3184	110	85	0.913088	0.966606	0.033394	0.086912	0.890329	
Spartina	2901	1247	50	74	0.975126	0.961449	0.038551	0.024874	0.983057	
Limonium	168	3940	68	96	0.636364	0.983034	0.016966	0.363636	0.711864	
Borrichia	191	4011	42	28	0.872146	0.989637	0.010363	0.127854	0.819742	
Batis	656	3508	64	44	0.937143	0.982083	0.017917	0.062857	0.911111	
Juncus	161	4021	39	51	0.759434	0.990394	0.009606	0.240566	0.805000	
None	567	3616	20	69	0.891509	0.994499	0.005501	0.108491	0.965928	
precision=0.9337268128161889
recall=0.9253008021390374
f-1 score=0.9294947121034077
total_recall0.8549728562049806total_precision0.8695760086932636
 total_f_1score= 0.8622126040872424
 ________________________________________________
./modeling/saved_models/resnet_pa.torch
TruePos	TrueNeg	FalsePos	FalseNeg	Recall	TrueNegRt	FalsePosRt	FalseNegRt	Precision
Salicornia	915	3168	126	63	0.935583	0.961749	0.038251	0.064417	0.878963	
Spartina	2881	1252	45	94	0.968403	0.965305	0.034695	0.031597	0.984621	
Limonium	180	3906	102	84	0.681818	0.974551	0.025449	0.318182	0.638298	
Borrichia	186	4008	45	33	0.849315	0.988897	0.011103	0.150685	0.805195	
Batis	650	3505	67	50	0.928571	0.981243	0.018757	0.071429	0.906555	
Juncus	152	4023	37	60	0.716981	0.990887	0.009113	0.283019	0.804233	
None	561	3626	10	75	0.882075	0.997250	0.002750	0.117925	0.982487	
precision=0.9274802753063622
recall=0.9232954545454546
f-1 score=0.9253831337408928
total_recall0.8518210665838247total_precision0.8571929451586913
 total_f_1score= 0.8544985632607162
 ________________________________________________
./modeling/saved_models/inception_pa.torch
TruePos	TrueNeg	FalsePos	FalseNeg	Recall	TrueNegRt	FalsePosRt	FalseNegRt	Precision
Salicornia	885	3158	136	93	0.904908	0.958713	0.041287	0.095092	0.866797	
Spartina	2897	1238	59	78	0.973782	0.954510	0.045490	0.026218	0.980041	
Limonium	142	3902	106	122	0.537879	0.973553	0.026447	0.462121	0.572581	
Borrichia	190	4015	38	29	0.867580	0.990624	0.009376	0.132420	0.833333	
Batis	615	3500	72	85	0.878571	0.979843	0.020157	0.121429	0.895197	
Juncus	126	4039	21	86	0.594340	0.994828	0.005172	0.405660	0.857143	
None	563	3622	14	73	0.885220	0.996150	0.003850	0.114780	0.975737	
precision=0.9239427012278308
recall=0.9054144385026738
f-1 score=0.9145847400405132
total_recall0.8060399088026934total_precision0.8544039662335747
 total_f_1score= 0.8295175830722102
 ________________________________________________
./modeling/saved_models/pyramid_pa.torch
TruePos	TrueNeg	FalsePos	FalseNeg	Recall	TrueNegRt	FalsePosRt	FalseNegRt	Precision
Salicornia	896	3171	123	82	0.916155	0.962659	0.037341	0.083845	0.879293	
Spartina	2894	1246	51	81	0.972773	0.960678	0.039322	0.027227	0.982683	
Limonium	157	3917	91	107	0.594697	0.977295	0.022705	0.405303	0.633065	
Borrichia	178	4018	35	41	0.812785	0.991364	0.008636	0.187215	0.835681	
Batis	641	3497	75	59	0.915714	0.979003	0.020997	0.084286	0.895251	
Juncus	146	3984	76	66	0.688679	0.981281	0.018719	0.311321	0.657658	
None	572	3617	19	64	0.899371	0.994774	0.005226	0.100629	0.967851	
precision=0.9210614712798119
recall=0.9164438502673797
f-1 score=0.9187468587703133
total_recall0.8285964980673027total_precision0.8359259084427262
 total_f_1score= 0.832245066417132
 ________________________________________________
